1, [0,0.01]
2, [0,0.01]
3, [0,0.01]
4, [0,0.01]
5, [0,0.01]
6, [0,0.01]
7, [0,0.01]
8, [0,0.0108682]
9, [0.0663627,0.0863627]
10, [0.411788,0.431788]
11, [0.390461,0.410461]
12, [0.0809709,0.100971]
13, [0,0.0155488]
14, [0,0.010151]
15, [0,0.01]
16, [0,0.01]
17, [0,0.0109059]
18, [0.00940208,0.0294021]
19, [0.132987,0.152987]
20, [0.334783,0.354783]
21, [0.317759,0.337759]
22, [0.130231,0.150231]
23, [0.0201978,0.0401978]
24, [0,0.0141899]
25, [0,0.0101132]
26, [0,0.0102265]
27, [0,0.0155488]
28, [0.0335981,0.0535981]
29, [0.14884,0.16884]
30, [0.275671,0.295671]
31, [0.273067,0.293067]
32, [0.144386,0.164386]
33, [0.0403548,0.0603548]
34, [0.00068247,0.0206825]
35, [0,0.0112834]
36, [0,0.0114721]
37, [0.00400423,0.0240042]
38, [0.0536419,0.0736419]
39, [0.15337,0.17337]
40, [0.244454,0.264454]
41, [0.243246,0.263246]
42, [0.144311,0.164311]
43, [0.0569636,0.0769636]
44, [0.010157,0.030157]
45, [0,0.0146052]
46, [0,0.0154356]
47, [0.0148377,0.0348377]
48, [0.0667401,0.0867401]
49, [0.151181,0.171181]
50, [0.2229,0.2429]
51, [0.216068,0.236068]
52, [0.147746,0.167746]
53, [0.0661362,0.0861362]
54, [0.0175555,0.0375555]
55, [0,0.0191726]
56, [0,0.019701]
57, [0.0221607,0.0421607]
58, [0.0767809,0.0967809]
59, [0.145745,0.165745]
60, [0.20331,0.22331]
61, [0.201347,0.221347]
62, [0.141706,0.161706]
63, [0.0763279,0.0963279]
64, [0.0277095,0.0477095]
65, [0.00324928,0.0232493]
66, [0.00608033,0.0260803]
67, [0.0314087,0.0514087]
68, [0.0802159,0.100216]
69, [0.142121,0.162121]
70, [0.189117,0.209117]
71, [0.188588,0.208588]
72, [0.144688,0.164688]
73, [0.082443,0.102443]
74, [0.0318239,0.0518239]
75, [0.0127993,0.0327993]
76, [0.0127616,0.0327616]
77, [0.034957,0.054957]
78, [0.0844814,0.104481]
79, [0.139857,0.159857]
80, [0.179906,0.199906]
81, [0.174622,0.194622]
82, [0.139026,0.159026]
83, [0.085576,0.105576]
84, [0.0401661,0.0601661]
85, [0.0159701,0.0359701]
86, [0.0179707,0.0379707]
87, [0.0406945,0.0606945]
88, [0.0878786,0.107879]
89, [0.137554,0.157554]
90, [0.165223,0.185223]
91, [0.167261,0.187261]
92, [0.133402,0.153402]
93, [0.0848211,0.104821]
94, [0.0430726,0.0630726]
95, [0.0228778,0.0428778]
96, [0.0243122,0.0443122]
97, [0.0496406,0.0696406]
98, [0.0895395,0.109539]
99, [0.127853,0.147853]
100, [0.157485,0.177485]
101, [0.156012,0.176012]
102, [0.127475,0.147475]
103, [0.0850853,0.105085]
104, [0.0495274,0.0695274]
105, [0.0301253,0.0501253]
106, [0.0319749,0.0519749]
107, [0.055265,0.075265]
108, [0.0909361,0.110936]
109, [0.125513,0.145513]
110, [0.146802,0.166802]
111, [0.149595,0.169595]
112, [0.122946,0.142946]
113, [0.0873124,0.107312]
114, [0.0526604,0.0726604]
115, [0.0361649,0.0561649]
116, [0.0342398,0.0542398]
117, [0.0560199,0.0760199]
118, [0.0950506,0.115051]
119, [0.124456,0.144456]
120, [0.14616,0.16616]
121, [0.140234,0.160234]
122, [0.119398,0.139398]
123, [0.0882561,0.108256]
124, [0.0586245,0.0786245]
125, [0.0414495,0.0614495]
126, [0.0420535,0.0620535]
127, [0.0607761,0.0807761]
128, [0.0881428,0.108143]
129, [0.120115,0.140115]
130, [0.138724,0.158724]
131, [0.135855,0.155855]
132, [0.116076,0.136076]
133, [0.0901434,0.110143]
134, [0.0608138,0.0808138]
135, [0.0423554,0.0623554]
136, [0.0457149,0.0657149]
137, [0.0654567,0.0854567]
138, [0.0933142,0.113314]
139, [0.116151,0.136151]
140, [0.131363,0.151363]
141, [0.131779,0.151779]
142, [0.111622,0.131622]
143, [0.089615,0.109615]
144, [0.0638714,0.0838714]
145, [0.0491122,0.0691122]
146, [0.0507731,0.0707731]
147, [0.0651548,0.0851548]
148, [0.0901812,0.110181]
149, [0.111848,0.131848]
150, [0.13393,0.15393]
151, [0.128985,0.148985]
152, [0.113547,0.133547]
153, [0.0931632,0.113163]
154, [0.0656832,0.0856832]
155, [0.0520187,0.0720187]
156, [0.052132,0.072132]
157, [0.0701374,0.0901374]
158, [0.0882938,0.108294]
159, [0.110036,0.130036]
160, [0.124229,0.144229]
161, [0.129816,0.149816]
162, [0.108149,0.128149]
163, [0.089464,0.109464]
164, [0.0690427,0.0890427]
165, [0.0554537,0.0754537]
166, [0.0578695,0.0778695]
167, [0.0717983,0.0917983]
168, [0.0928612,0.112861]
169, [0.107809,0.127809]
170, [0.123097,0.143097]
171, [0.122606,0.142606]
172, [0.104978,0.124978]
173, [0.089162,0.109162]
174, [0.0718738,0.0918738]
175, [0.0578318,0.0778318]
176, [0.0605119,0.0805119]
177, [0.0728175,0.0928175]
178, [0.0922195,0.11222]
179, [0.110414,0.130414]
180, [0.115661,0.135661]
181, [0.118303,0.138303]
182, [0.105582,0.125582]
183, [0.0921818,0.112182]
184, [0.0739876,0.0939876]
185, [0.061531,0.081531]
186, [0.0628144,0.0828144]
187, [0.0742141,0.0942141]
188, [0.089011,0.109011]
189, [0.106979,0.126979]
190, [0.113245,0.133245]
191, [0.11517,0.13517]
192, [0.10377,0.12377]
193, [0.089313,0.109313]
194, [0.0767809,0.0967809]
195, [0.0673441,0.0873441]
196, [0.0683255,0.0883255]
197, [0.0768187,0.0968187]
198, [0.089615,0.109615]
199, [0.106488,0.126488]
200, [0.111471,0.131471]
201, [0.116453,0.136453]
202, [0.103468,0.123468]
203, [0.089162,0.109162]
204, [0.0774604,0.0974604]
205, [0.0673441,0.0873441]
206, [0.0704771,0.0904771]
207, [0.0811596,0.10116]
208, [0.0914646,0.111465]
209, [0.105356,0.125356]
210, [0.109583,0.129583]
211, [0.111622,0.131622]
212, [0.102827,0.122827]
213, [0.0895017,0.109502]
214, [0.0791212,0.0991212]
215, [0.071685,0.091685]
216, [0.0703639,0.0903639]
217, [0.0771206,0.0971206]
218, [0.0904454,0.110445]
219, [0.0982968,0.118297]
220, [0.110376,0.130376]
221, [0.108073,0.128073]
222, [0.0984101,0.11841]
223, [0.0895395,0.109539]
224, [0.0786305,0.0986305]
225, [0.0721758,0.0921758]
226, [0.0729307,0.0929307]
227, [0.07931,0.09931]
228, [0.0922573,0.112257]
229, [0.10494,0.12494]
230, [0.106601,0.126601]
231, [0.106639,0.126639]
232, [0.102223,0.122223]
233, [0.0891243,0.109124]
234, [0.0802537,0.100254]
235, [0.0779888,0.0979888]
236, [0.0736101,0.0936101]
237, [0.0807444,0.100744]
238, [0.0850853,0.105085]
239, [0.0993538,0.119354]
240, [0.101845,0.121845]
241, [0.106262,0.126262]
242, [0.0975042,0.117504]
243, [0.0889733,0.108973]
244, [0.0814238,0.101424]
245, [0.0764789,0.0964789]
246, [0.0738744,0.0938744]
247, [0.0783663,0.0983663]
248, [0.0905209,0.110521]
249, [0.0995425,0.119543]
250, [0.100788,0.120788]
251, [0.10109,0.12109]
252, [0.0970134,0.117013]
253, [0.0875011,0.107501]
254, [0.0797252,0.0997252]
255, [0.078404,0.098404]
256, [0.0783286,0.0983286]
257, [0.0831602,0.10316]
258, [0.0897282,0.109728]
259, [0.100448,0.120448]
260, [0.103695,0.123695]
261, [0.10343,0.12343]
262, [0.0956168,0.115617]
263, [0.0914646,0.111465]
264, [0.0836132,0.103613]
265, [0.0764412,0.0964412]
266, [0.0791212,0.0991212]
267, [0.0846701,0.10467]
268, [0.0912381,0.111238]
269, [0.0950883,0.115088]
270, [0.099618,0.119618]
271, [0.101656,0.121656]
272, [0.0967115,0.116711]
273, [0.0930122,0.113012]
274, [0.0840661,0.104066]
275, [0.0757617,0.0957617]
276, [0.079159,0.099159]
277, [0.0824053,0.102405]
278, [0.0914268,0.111427]
279, [0.0939182,0.113918]
280, [0.0989763,0.118976]
281, [0.096032,0.116032]
282, [0.0965982,0.116598]
283, [0.0915023,0.111502]
284, [0.0864442,0.106444]
285, [0.081839,0.101839]
286, [0.082896,0.102896]
287, [0.0808576,0.100858]
288, [0.0903699,0.11037]
289, [0.0977306,0.117731]
290, [0.0982213,0.118221]
291, [0.099618,0.119618]
292, [0.0943334,0.114333]
293, [0.092144,0.112144]
294, [0.0842549,0.104255]
295, [0.0800272,0.100027]
296, [0.082594,0.102594]
297, [0.0842549,0.104255]
298, [0.089464,0.109464]
299, [0.0965227,0.116523]
300, [0.0986366,0.118637]
