1, [0.99,1]
2, [0.99,1]
3, [0.99,1]
4, [0.99,1]
5, [0.99,1]
6, [0.99,1]
7, [0.99,1]
8, [0.99,1]
9, [0.99,1]
10, [0.99,1]
11, [0.99,1]
12, [0.99,1]
13, [0.99,1]
14, [0.99,1]
15, [0.99,1]
16, [0.99,1]
17, [0.99,1]
18, [0.99,1]
19, [0.99,1]
20, [0.99,1]
21, [0.99,1]
22, [0.99,1]
23, [0.99,1]
24, [0.99,1]
25, [0.99,1]
26, [0.99,1]
27, [0.99,1]
28, [0.99,1]
29, [0.99,1]
30, [0.99,1]
31, [0.99,1]
32, [0.99,1]
33, [0.99,1]
34, [0.99,1]
35, [0.99,1]
36, [0.99,1]
37, [0.99,1]
38, [0.99,1]
39, [0.99,1]
40, [0.99,1]
41, [0.99,1]
42, [0.99,1]
43, [0.99,1]
44, [0.99,1]
45, [0.99,1]
46, [0.99,1]
47, [0.99,1]
48, [0.99,1]
49, [0.99,1]
50, [0.99,1]
51, [0.99,1]
52, [0.99,1]
53, [0.99,1]
54, [0.99,1]
55, [0.99,1]
56, [0.99,1]
57, [0.99,1]
58, [0.99,1]
59, [0.99,1]
60, [0.99,1]
61, [0.99,1]
62, [0.99,1]
63, [0.99,1]
64, [0.99,1]
65, [0.99,1]
66, [0.99,1]
67, [0.99,1]
68, [0.99,1]
69, [0.99,1]
70, [0.99,1]
71, [0.99,1]
72, [0.99,1]
73, [0.99,1]
74, [0.99,1]
75, [0.99,1]
76, [0.99,1]
77, [0.99,1]
78, [0.99,1]
79, [0.99,1]
80, [0.99,1]
81, [0.99,1]
82, [0.99,1]
83, [0.99,1]
84, [0.99,1]
85, [0.99,1]
86, [0.99,1]
87, [0.99,1]
88, [0.99,1]
89, [0.99,1]
90, [0.99,1]
91, [0.99,1]
92, [0.99,1]
93, [0.99,1]
94, [0.99,1]
95, [0.99,1]
96, [0.99,1]
97, [0.99,1]
98, [0.99,1]
99, [0.99,1]
100, [0.99,1]
101, [0.99,1]
102, [0.99,1]
