1, [0,0.01]
2, [0,0.01]
3, [0,0.01]
4, [0,0.01]
5, [0,0.01]
6, [0,0.01]
7, [0,0.01]
8, [0,0.010604]
9, [0.0669666,0.0869666]
10, [0.410995,0.430995]
11, [0.392386,0.412386]
12, [0.079612,0.099612]
13, [0,0.0158508]
14, [0,0.0101132]
15, [0,0.01]
16, [0,0.01]
17, [0,0.0108682]
18, [0.0108365,0.0308365]
19, [0.129816,0.149816]
20, [0.328631,0.348631]
21, [0.3164,0.3364]
22, [0.13242,0.15242]
23, [0.0186124,0.0386124]
24, [0,0.0130575]
25, [0,0.0102265]
26, [0,0.010302]
27, [0,0.0164925]
28, [0.0369953,0.0569953]
29, [0.152653,0.172653]
30, [0.281597,0.301597]
31, [0.271972,0.291972]
32, [0.1408,0.1608]
33, [0.0416005,0.0616005]
34, [0.000154009,0.020154]
35, [0,0.0113212]
36, [0,0.0120761]
37, [0.00449494,0.0244949]
38, [0.0546988,0.0746988]
39, [0.156465,0.176465]
40, [0.243963,0.263963]
41, [0.242001,0.262001]
42, [0.146613,0.166613]
43, [0.0596814,0.0796814]
44, [0.00857164,0.0285716]
45, [0,0.0142277]
46, [0,0.0160773]
47, [0.014498,0.034498]
48, [0.0696467,0.0896467]
49, [0.153823,0.173823]
50, [0.2229,0.2429]
51, [0.219088,0.239088]
52, [0.150162,0.170162]
53, [0.0678348,0.0878348]
54, [0.017027,0.037027]
55, [0,0.0187951]
56, [0,0.0192858]
57, [0.0215944,0.0415944]
58, [0.0773471,0.0973471]
59, [0.145556,0.165556]
60, [0.202479,0.222479]
61, [0.199761,0.219761]
62, [0.142537,0.162537]
63, [0.0735347,0.0935347]
64, [0.0261619,0.0461619]
65, [0.00532538,0.0253254]
66, [0.00626906,0.0262691]
67, [0.0329186,0.0529186]
68, [0.0833112,0.103311]
69, [0.145179,0.165179]
70, [0.186172,0.206172]
71, [0.186965,0.206965]
72, [0.142046,0.162046]
73, [0.0812351,0.101235]
74, [0.0353722,0.0553722]
75, [0.00925109,0.0292511]
76, [0.0098173,0.0298173]
77, [0.035108,0.055108]
78, [0.0849721,0.104972]
79, [0.138611,0.158611]
80, [0.174169,0.194169]
81, [0.171376,0.191376]
82, [0.134647,0.154647]
83, [0.0833867,0.103387]
84, [0.0406568,0.0606568]
85, [0.0170648,0.0370648]
86, [0.0183859,0.0383859]
87, [0.0408455,0.0608455]
88, [0.0856138,0.105614]
89, [0.135251,0.155251]
90, [0.169903,0.189903]
91, [0.167337,0.187337]
92, [0.133138,0.153138]
93, [0.0868594,0.106859]
94, [0.0462434,0.0662434]
95, [0.024652,0.044652]
96, [0.0237083,0.0437083]
97, [0.0454884,0.0654884]
98, [0.085727,0.105727]
99, [0.13276,0.15276]
100, [0.157069,0.177069]
101, [0.15605,0.17605]
102, [0.126268,0.146268]
103, [0.0862932,0.106293]
104, [0.0539061,0.0739061]
105, [0.027332,0.047332]
106, [0.0283889,0.0483889]
107, [0.055718,0.075718]
108, [0.0900679,0.110068]
109, [0.128608,0.148608]
110, [0.153257,0.173257]
111, [0.146538,0.166538]
112, [0.126079,0.146079]
113, [0.0898792,0.109879]
114, [0.055265,0.075265]
115, [0.0349947,0.0549947]
116, [0.0375238,0.0575238]
117, [0.0593794,0.0793794]
118, [0.0911249,0.111125]
119, [0.124267,0.144267]
120, [0.143745,0.163745]
121, [0.143254,0.163254]
122, [0.119888,0.139888]
123, [0.0887468,0.108747]
124, [0.0576053,0.0776053]
125, [0.041525,0.061525]
126, [0.0440163,0.0640163]
127, [0.0641356,0.0841356]
128, [0.0885203,0.10852]
129, [0.118265,0.138265]
130, [0.143707,0.163707]
131, [0.13929,0.15929]
132, [0.115019,0.135019]
133, [0.0865197,0.10652]
134, [0.0607761,0.0807761]
135, [0.0467341,0.0667341]
136, [0.0427329,0.0627329]
137, [0.0678726,0.0878726]
138, [0.0870859,0.107086]
139, [0.117435,0.137435]
140, [0.133138,0.153138]
141, [0.129174,0.149174]
142, [0.118907,0.138907]
143, [0.0870482,0.107048]
144, [0.0632674,0.0832674]
145, [0.0489612,0.0689612]
146, [0.0505088,0.0705088]
