1, [0,0.01]
2, [0,0.01]
3, [0,0.01]
4, [0,0.01]
5, [0,0.01]
6, [0,0.01]
7, [0,0.01]
8, [0,0.0107172]
9, [0.0643998,0.0843998]
10, [0.409334,0.429334]
11, [0.387441,0.407441]
12, [0.0852363,0.105236]
13, [0,0.0151336]
14, [0,0.0100755]
15, [0,0.01]
16, [0,0.01]
17, [0,0.0107549]
18, [0.00932659,0.0293266]
19, [0.130684,0.150684]
20, [0.32395,0.34395]
21, [0.317495,0.337495]
22, [0.133175,0.153175]
23, [0.0189899,0.0389899]
24, [0,0.013737]
25, [0,0.0102265]
26, [0,0.0101132]
27, [0,0.0153601]
28, [0.0354477,0.0554477]
29, [0.150879,0.170879]
30, [0.280314,0.300314]
31, [0.271481,0.291481]
32, [0.142235,0.162235]
33, [0.0406945,0.0606945]
34, [0.000569228,0.0205692]
35, [0,0.0114344]
36, [0,0.0114721]
37, [0.0043817,0.0243817]
38, [0.0560954,0.0760954]
39, [0.153936,0.173936]
40, [0.242038,0.262038]
41, [0.239585,0.259585]
42, [0.14835,0.16835]
43, [0.055416,0.075416]
44, [0.0103458,0.0303458]
45, [0,0.0147184]
46, [0,0.0147939]
47, [0.0136298,0.0336298]
48, [0.0657965,0.0857965]
49, [0.152351,0.172351]
50, [0.223655,0.243655]
51, [0.215389,0.235389]
52, [0.149256,0.169256]
53, [0.0676083,0.0876083]
54, [0.017027,0.037027]
55, [0,0.019852]
56, [0.000418239,0.0204182]
57, [0.0233686,0.0433686]
58, [0.0744028,0.0944028]
59, [0.151256,0.171256]
60, [0.202592,0.222592]
61, [0.198667,0.218667]
62, [0.145103,0.165103]
63, [0.0739121,0.0939121]
64, [0.0260864,0.0460864]
65, [0.0057406,0.0257406]
66, [0.0063823,0.0263823]
67, [0.0302386,0.0502386]
68, [0.0793477,0.0993477]
69, [0.144613,0.164613]
70, [0.186927,0.206927]
71, [0.184059,0.204059]
72, [0.138535,0.158535]
73, [0.0816881,0.101688]
74, [0.0324657,0.0524657]
75, [0.0113649,0.0313649]
76, [0.0115537,0.0315537]
77, [0.0375238,0.0575238]
78, [0.0807821,0.100782]
79, [0.141442,0.161442]
80, [0.174924,0.194924]
81, [0.173263,0.193263]
82, [0.13661,0.15661]
83, [0.082745,0.102745]
84, [0.0405058,0.0605058]
85, [0.0162343,0.0362343]
86, [0.0170648,0.0370648]
87, [0.0424687,0.0624687]
88, [0.08618,0.10618]
89, [0.138498,0.158498]
90, [0.1636,0.1836]
91, [0.168695,0.188695]
92, [0.135214,0.155214]
93, [0.0837642,0.103764]
94, [0.0468474,0.0668474]
95, [0.0249162,0.0449162]
96, [0.0241613,0.0441613]
97, [0.0487347,0.0687347]
98, [0.0896905,0.10969]
99, [0.128042,0.148042]
100, [0.158579,0.178579]
101, [0.155635,0.175635]
102, [0.126909,0.146909]
103, [0.0859535,0.105953]
104, [0.0508863,0.0708863]
105, [0.027936,0.047936]
106, [0.0294081,0.0494081]
107, [0.0538306,0.0738306]
108, [0.0937294,0.113729]
109, [0.128457,0.148457]
110, [0.150464,0.170464]
111, [0.150124,0.170124]
112, [0.127211,0.147211]
113, [0.0878409,0.107841]
114, [0.0538306,0.0738306]
115, [0.0336358,0.0536358]
116, [0.0378258,0.0578258]
117, [0.0580583,0.0780583]
118, [0.0912759,0.111276]
119, [0.124644,0.144644]
120, [0.143518,0.163518]
121, [0.142121,0.162121]
122, [0.123059,0.143059]
123, [0.0875389,0.107539]
124, [0.0592284,0.0792284]
125, [0.0417515,0.0617515]
126, [0.0409588,0.0609588]
127, [0.0599834,0.0799834]
128, [0.0884071,0.108407]
129, [0.117888,0.137888]
130, [0.139592,0.159592]
131, [0.134798,0.154798]
132, [0.116227,0.136227]
133, [0.0858025,0.105803]
134, [0.0614933,0.0814933]
135, [0.04764,0.06764]
136, [0.0464321,0.0664321]
137, [0.0630032,0.0830032]
138, [0.0905964,0.110596]
139, [0.117435,0.137435]
140, [0.134043,0.154043]
141, [0.13008,0.15008]
142, [0.114604,0.134604]
143, [0.0865197,0.10652]
144, [0.0634561,0.0834561]
145, [0.0478288,0.0678288]
146, [0.0502823,0.0702823]
147, [0.0663627,0.0863627]
148, [0.0900302,0.11003]
149, [0.116227,0.136227]
150, [0.132269,0.152269]
151, [0.129212,0.149212]
152, [0.111546,0.131546]
153, [0.0920308,0.112031]
154, [0.0676083,0.0876083]
155, [0.0553782,0.0753782]
156, [0.0526604,0.0726604]
157, [0.0673064,0.0873064]
158, [0.0882938,0.108294]
159, [0.110678,0.130678]
160, [0.122266,0.142266]
161, [0.123097,0.143097]
162, [0.109432,0.129432]
163, [0.0874634,0.107463]
164, [0.0702884,0.0902884]
165, [0.0566994,0.0766994]
166, [0.057945,0.077945]
167, [0.0704771,0.0904771]
168, [0.0924083,0.112408]
169, [0.110263,0.130263]
170, [0.120681,0.140681]
171, [0.119586,0.139586]
172, [0.105582,0.125582]
173, [0.0882938,0.108294]
174, [0.0737989,0.0937989]
175, [0.0617575,0.0817575]
176, [0.0641733,0.0841733]
177, [0.0740254,0.0940254]
178, [0.0903322,0.110332]
179, [0.109923,0.129923]
180, [0.115774,0.135774]
181, [0.118492,0.138492]
182, [0.105431,0.125431]
183, [0.0912381,0.111238]
184, [0.0750823,0.0950823]
185, [0.0642866,0.0842866]
186, [0.0658342,0.0858342]
187, [0.0717228,0.0917228]
188, [0.0879541,0.107954]
189, [0.102978,0.122978]
190, [0.118529,0.138529]
191, [0.117812,0.137812]
192, [0.102449,0.122449]
193, [0.0866329,0.106633]
194, [0.0759505,0.0959505]
195, [0.0667779,0.0867779]
196, [0.0653058,0.0853058]
197, [0.0755353,0.0955353]
198, [0.089313,0.109313]
199, [0.103128,0.123128]
200, [0.114755,0.134755]
201, [0.11483,0.13483]
202, [0.102902,0.122902]
203, [0.0903322,0.110332]
204, [0.0786683,0.0986683]
205, [0.068099,0.088099]
206, [0.0678348,0.0878348]
207, [0.0779888,0.0979888]
208, [0.0919176,0.111918]
209, [0.102525,0.122525]
210, [0.109508,0.129508]
211, [0.112339,0.132339]
212, [0.100675,0.120675]
213, [0.0884071,0.108407]
214, [0.078555,0.098555]
215, [0.0700242,0.0900242]
216, [0.0704394,0.0904394]
217, [0.075573,0.095573]
218, [0.0890488,0.109049]
219, [0.102562,0.122562]
220, [0.11064,0.13064]
221, [0.108262,0.128262]
222, [0.0999577,0.119958]
223, [0.0883316,0.108332]
224, [0.0782153,0.0982153]
225, [0.0744783,0.0944783]
226, [0.0709301,0.0909301]
227, [0.082443,0.102443]
228, [0.0934274,0.113427]
229, [0.100184,0.120184]
230, [0.111433,0.131433]
231, [0.104752,0.124752]
232, [0.099467,0.119467]
233, [0.0888223,0.108822]
234, [0.0796875,0.0996875]
235, [0.0739121,0.0939121]
236, [0.0721003,0.0921003]
237, [0.08199,0.10199]
238, [0.0910116,0.111012]
239, [0.0995048,0.119505]
240, [0.106413,0.126413]
241, [0.105129,0.125129]
242, [0.101656,0.121656]
243, [0.0906719,0.110672]
244, [0.0786683,0.0986683]
245, [0.0755353,0.0955353]
246, [0.0763657,0.0963657]
247, [0.0819523,0.101952]
248, [0.0881051,0.108105]
249, [0.10226,0.12226]
250, [0.107281,0.127281]
251, [0.105167,0.125167]
252, [0.0978816,0.117882]
253, [0.0922195,0.11222]
254, [0.0810464,0.101046]
255, [0.0773471,0.0973471]
256, [0.0805556,0.100556]
257, [0.0797629,0.0997629]
258, [0.0886335,0.108634]
259, [0.0988631,0.118863]
260, [0.102751,0.122751]
261, [0.105318,0.125318]
262, [0.0985233,0.118523]
263, [0.0909361,0.110936]
264, [0.0829715,0.102971]
265, [0.0799894,0.0999894]
266, [0.0762147,0.0962147]
267, [0.082443,0.102443]
268, [0.0893507,0.109351]
269, [0.0954281,0.115428]
270, [0.101619,0.121619]
271, [0.101392,0.121392]
272, [0.0988631,0.118863]
273, [0.0881806,0.108181]
274, [0.082443,0.102443]
275, [0.0807821,0.100782]
276, [0.0804047,0.100405]
277, [0.0830092,0.103009]
278, [0.0868594,0.106859]
279, [0.0943711,0.114371]
280, [0.100562,0.120562]
281, [0.0988253,0.118825]
