1, [0.99,1]
2, [0.99,1]
3, [0.99,1]
4, [0.99,1]
5, [0.99,1]
6, [0.99,1]
7, [0.99,1]
8, [0.99,1]
9, [0.989509,1]
10, [0.96671,0.98671]
11, [0.93772,0.95772]
12, [0.969918,0.989918]
13, [0.987962,1]
14, [0.989962,1]
15, [0.99,1]
16, [0.99,1]
17, [0.99,1]
18, [0.989509,1]
19, [0.984451,1]
20, [0.963275,0.983275]
21, [0.951045,0.971045]
22, [0.967352,0.987352]
23, [0.983394,1]
24, [0.989056,1]
25, [0.989887,1]
26, [0.99,1]
27, [0.989849,1]
28, [0.988377,1]
29, [0.980488,1]
30, [0.965804,0.985804]
31, [0.958141,0.978141]
32, [0.966559,0.986559]
33, [0.980752,1]
34, [0.987546,1]
35, [0.989811,1]
36, [0.989925,1]
37, [0.989585,1]
38, [0.986942,1]
39, [0.978789,0.998789]
40, [0.967163,0.987163]
41, [0.962445,0.982445]
42, [0.969692,0.989692]
43, [0.97894,0.99894]
44, [0.986603,1]
45, [0.989019,1]
46, [0.989811,1]
47, [0.989132,1]
48, [0.98581,1]
49, [0.978789,0.998789]
50, [0.969767,0.989767]
51, [0.964558,0.984558]
52, [0.969654,0.989654]
53, [0.978223,0.998223]
54, [0.985433,1]
55, [0.988528,1]
56, [0.989434,1]
57, [0.988452,1]
58, [0.984791,1]
59, [0.978865,0.998865]
60, [0.971126,0.991126]
61, [0.96671,0.98671]
62, [0.970296,0.990296]
63, [0.978525,0.998525]
64, [0.984036,1]
65, [0.987811,1]
66, [0.988868,1]
67, [0.987395,1]
68, [0.98464,1]
69, [0.977581,0.997581]
70, [0.971881,0.991881]
71, [0.968107,0.988107]
72, [0.97241,0.99241]
73, [0.979091,0.999091]
74, [0.982753,1]
75, [0.987131,1]
76, [0.98815,1]
77, [0.986791,1]
78, [0.983281,1]
79, [0.976562,0.996562]
80, [0.972146,0.992146]
81, [0.970334,0.990334]
82, [0.972146,0.992146]
83, [0.97777,0.99777]
84, [0.983772,1]
85, [0.987093,1]
86, [0.987848,1]
87, [0.986301,1]
88, [0.982866,1]
89, [0.978638,0.998638]
90, [0.973542,0.993542]
91, [0.97173,0.99173]
92, [0.973995,0.993995]
93, [0.9786,0.9986]
94, [0.981847,1]
95, [0.985999,1]
96, [0.986829,1]
97, [0.985508,1]
98, [0.983092,1]
99, [0.977468,0.997468]
100, [0.971881,0.991881]
101, [0.973202,0.993202]
102, [0.973806,0.993806]
103, [0.977996,0.997996]
104, [0.982375,1]
105, [0.98498,1]
106, [0.985735,1]
107, [0.984451,1]
108, [0.982904,1]
109, [0.97777,0.99777]
110, [0.973995,0.993995]
111, [0.975165,0.995165]
112, [0.975354,0.995354]
113, [0.978449,0.998449]
114, [0.981922,1]
115, [0.984866,1]
116, [0.985206,1]
117, [0.984791,1]
118, [0.981582,1]
119, [0.977053,0.997053]
120, [0.974637,0.994637]
121, [0.973618,0.993618]
122, [0.97592,0.99592]
123, [0.978072,0.998072]
124, [0.981847,1]
125, [0.983319,1]
126, [0.985735,1]
127, [0.98464,1]
128, [0.982262,1]
129, [0.9786,0.9986]
130, [0.977053,0.997053]
131, [0.974297,0.994297]
132, [0.975354,0.995354]
133, [0.977808,0.997808]
134, [0.980299,1]
135, [0.98396,1]
136, [0.984753,1]
137, [0.983998,1]
138, [0.98196,1]
139, [0.978638,0.998638]
140, [0.975769,0.995769]
141, [0.975845,0.995845]
142, [0.977053,0.997053]
143, [0.979091,0.999091]
144, [0.982375,1]
145, [0.983998,1]
146, [0.984187,1]
147, [0.983055,1]
148, [0.980903,1]
149, [0.979318,0.999318]
150, [0.976071,0.996071]
151, [0.976411,0.996411]
152, [0.976637,0.996637]
153, [0.978978,0.998978]
154, [0.980299,1]
155, [0.983394,1]
156, [0.983772,1]
157, [0.983092,1]
158, [0.980752,1]
159, [0.979318,0.999318]
160, [0.977355,0.997355]
161, [0.977241,0.997241]
162, [0.97709,0.99709]
163, [0.978487,0.998487]
164, [0.981809,1]
165, [0.983432,1]
166, [0.983168,1]
167, [0.983055,1]
168, [0.980903,1]
169, [0.978374,0.998374]
170, [0.979167,0.999167]
171, [0.976185,0.996185]
172, [0.976071,0.996071]
173, [0.978751,0.998751]
174, [0.98011,1]
175, [0.982488,1]
176, [0.983772,1]
177, [0.982337,1]
178, [0.981205,1]
179, [0.978827,0.998827]
180, [0.977845,0.997845]
181, [0.976788,0.996788]
182, [0.979091,0.999091]
183, [0.97928,0.99928]
184, [0.981809,1]
185, [0.982941,1]
186, [0.982753,1]
187, [0.982526,1]
188, [0.981771,1]
189, [0.979506,0.999506]
190, [0.977355,0.997355]